esd
2 50 10 0.6 72.710000000000022 11
2 50 10 0.7 268.35000000000002 36
2 50 10 0.8 1469.6899999999998 50
2 50 20 0.6 105.89999999999999 7
2 50 20 0.7 149.83000000000007 13
2 50 20 0.8 419.71000000000009 35
2 100 10 0.6 97.660000000000025 8
2 100 10 0.7 156.5600000000002 20
2 100 10 0.8 4561.6599999999999 99
2 100 20 0.6 92.569999999999993 10
2 100 20 0.7 123.91000000000003 11
2 100 20 0.8 284.21000000000026 36
4 50 10 0.6 122.92000000000002 16
4 50 10 0.7 286.19000000000005 34
4 50 10 0.8 891.83999999999969 50
4 50 20 0.6 155.93000000000001 12
4 50 20 0.7 244.08000000000007 21
4 50 20 0.8 499.63 45
4 100 10 0.6 105.74000000000001 11
4 100 10 0.7 193.85000000000005 35
4 100 10 0.8 2549.0100000000002 97
4 100 20 0.6 145.74000000000001 10
4 100 20 0.7 167.59 13
4 100 20 0.8 459.13999999999999 74


D:\program_files\Anaconda3\python.exe E:/PycharmProjects/learnpy/obp/vnd1.2.py
2 50 10 0.6 68.540000000000006 8
2 50 10 0.7 163.44000000000003 19
2 50 10 0.8 704.60000000000014 36
2 50 20 0.6 66.180000000000007 6
2 50 20 0.7 80.000000000000014 12
2 50 20 0.8 201.69000000000011 22
2 100 10 0.6 81.720000000000013 10
2 100 10 0.7 113.31000000000002 12
2 100 10 0.8 1558.8699999999994 50
2 100 20 0.6 60.870000000000005 10
2 100 20 0.7 101.74000000000004 10
2 100 20 0.8 175.87000000000006 17
4 50 10 0.6 86.140000000000015 11
4 50 10 0.7 198.43000000000001 27
4 50 10 0.8 454.76000000000005 30
4 50 20 0.6 81.629999999999995 8
4 50 20 0.7 107.74000000000002 14
4 50 20 0.8 216.94 28
4 100 10 0.6 99.740000000000023 10
4 100 10 0.7 131.53 20
4 100 10 0.8 1024.76 54
4 100 20 0.6 104.84 10
4 100 20 0.7 142.88999999999999 12
4 100 20 0.8 230.85000000000002 31
ok


D:\program_files\Anaconda3\python.exe E:/PycharmProjects/learnpy/obp/vnd_sa.py
2 50 10 0.6 68.540000000000006 8
2 50 10 0.7 163.44000000000003 19
2 50 10 0.8 771.66999999999996 22
2 50 20 0.6 66.180000000000007 6
2 50 20 0.7 80.000000000000014 12
2 50 20 0.8 206.68000000000001 16
2 100 10 0.6 81.720000000000013 10
2 100 10 0.7 113.31000000000002 12
2 100 10 0.8 2813.1399999999994 66
2 100 20 0.6 60.870000000000005 10
2 100 20 0.7 101.74000000000004 10
2 100 20 0.8 146.58000000000004 15
4 50 10 0.6 86.140000000000015 11
4 50 10 0.7 180.96999999999997 23
4 50 10 0.8 551.1099999999999 34
4 50 20 0.6 81.629999999999995 8
4 50 20 0.7 107.74000000000002 14
4 50 20 0.8 230.20000000000005 27
4 100 10 0.6 99.740000000000023 10
4 100 10 0.7 131.29000000000002 16
4 100 10 0.8 1665.8199999999997 61
4 100 20 0.6 104.84 10
4 100 20 0.7 142.88999999999999 12
4 100 20 0.8 288.0800000000001 37


D:\program_files\Anaconda3\python.exe E:/PycharmProjects/learnpy/obp/vns.py
2 50 10 0.6 72.710000000000022 11
time 276.85 s
2 50 10 0.7 177.65000000000009 20
time 341.11 s
2 50 10 0.8 669.52999999999997 29
time 334.45 s
2 50 20 0.6 60.180000000000007 6
time 182.01 s
2 50 20 0.7 96.360000000000014 10
time 229.87 s
2 50 20 0.8 219.36000000000001 14
time 250.10 s
2 100 10 0.6 90.560000000000016 10
time 2036.92 s
2 100 10 0.7 125.72000000000003 14
time 3590.32 s
2 100 10 0.8 1711.3599999999988 54
time 3836.94 s
2 100 20 0.6 67.140000000000001 9
time 1006.03 s
2 100 20 0.7 113.04000000000002 10
time 965.67 s
2 100 20 0.8 222.62000000000006 21
time 2380.56 s
4 50 10 0.6 112.24000000000004 16
time 86.70 s
4 50 10 0.7 235.01000000000008 27
time 85.17 s
4 50 10 0.8 544.07000000000028 30
time 113.48 s
4 50 20 0.6 71.080000000000013 8
time 99.15 s
4 50 20 0.7 120.46000000000002 15
time 81.75 s
4 50 20 0.8 261.37 28
time 60.42 s
4 100 10 0.6 97.890000000000015 10
time 527.73 s
4 100 10 0.7 166.67000000000007 26
time 562.58 s
4 100 10 0.8 1174.2099999999998 56
time 1110.85 s
4 100 20 0.6 96.320000000000022 12
time 244.99 s
4 100 20 0.7 144.28999999999999 12
time 458.38 s
4 100 20 0.8 370.99999999999994 38
time 241.93 s


D:\program_files\Anaconda3\python.exe E:/PycharmProjects/learnpy/obp/vnd1.2.py
2 50 10 0.6 68.540000000000006 8
time 9.81 s
2 50 10 0.7 163.44000000000003 19
time 18.00 s
2 50 10 0.8 704.60000000000014 36
time 26.91 s
2 50 20 0.6 66.180000000000007 6
time 6.88 s
2 50 20 0.7 80.000000000000014 12
time 17.47 s
2 50 20 0.8 201.69000000000011 22
time 21.56 s
2 100 10 0.6 81.720000000000013 10
time 128.47 s
2 100 10 0.7 113.31000000000002 12
time 92.82 s
2 100 10 0.8 1558.8699999999994 50
time 389.20 s
2 100 20 0.6 60.870000000000005 10
time 87.71 s
2 100 20 0.7 101.74000000000004 10
time 40.69 s
2 100 20 0.8 175.87000000000006 17
time 78.79 s
4 50 10 0.6 86.140000000000015 11
time 7.97 s
4 50 10 0.7 198.43000000000001 27
time 14.25 s
4 50 10 0.8 454.76000000000005 30
time 35.96 s
4 50 20 0.6 81.629999999999995 8
time 7.95 s
4 50 20 0.7 107.74000000000002 14
time 17.14 s
4 50 20 0.8 216.94 28
time 23.03 s
4 100 10 0.6 99.740000000000023 10
time 29.28 s
4 100 10 0.7 131.53 20
time 148.57 s
4 100 10 0.8 1024.76 54
time 421.43 s
4 100 20 0.6 104.84 10
time 70.80 s
4 100 20 0.7 142.88999999999999 12
time 27.71 s
4 100 20 0.8 230.85000000000002 31
time 124.09 s



D:\program_files\Anaconda3\python.exe E:/PycharmProjects/learnpy/obp/seed.py
2 50 10 0.6 90.430000000000021 11
time 15.22 s
2 50 10 0.7 309.97000000000003 17
time 16.97 s
2 50 10 0.8 981.63 33
time 15.93 s
2 50 20 0.6 89.710000000000008 8
time 20.94 s
2 50 20 0.7 239.92000000000007 15
time 21.77 s
2 50 20 0.8 417.96000000000015 25
time 21.25 s
2 100 10 0.6 145.34 12
time 132.22 s
2 100 10 0.7 344.21999999999974 24
time 139.86 s
2 100 10 0.8 2054.0999999999995 64
time 143.37 s
2 100 20 0.6 170.32000000000002 11
time 171.16 s
2 100 20 0.7 323.2299999999999 22
time 177.73 s
2 100 20 0.8 526.87000000000012 31
time 177.32 s
4 50 10 0.6 128.48000000000008 20
time 8.44 s
4 50 10 0.7 260.58000000000004 23
time 9.06 s
4 50 10 0.8 658.31000000000017 39
time 8.92 s
4 50 20 0.6 165.62000000000003 14
time 11.53 s
4 50 20 0.7 181.8300000000001 21
time 11.17 s
4 50 20 0.8 378.52999999999997 32
time 10.83 s
4 100 10 0.6 110.92999999999999 19
time 70.55 s
4 100 10 0.7 214.04999999999995 26
time 69.12 s
4 100 10 0.8 1277.78 70
time 68.69 s
4 100 20 0.6 156.78 16
time 93.15 s
4 100 20 0.7 242.53999999999996 20
time 92.87 s
4 100 20 0.8 527.98000000000013 41
time 92.81 s
ok

D:\program_files\Anaconda3\python.exe E:/PycharmProjects/learnpy/obp/vnd_seed.py
2 50 10 0.6 57.320000000000022 10
time 17.14 s
2 50 10 0.7 184.73999999999995 17
time 23.46 s
2 50 10 0.8 628.47000000000025 32
time 20.38 s
2 50 20 0.6 58.930000000000007 6
time 10.44 s
2 50 20 0.7 100.66999999999999 10
time 24.67 s
2 50 20 0.8 218.89999999999998 17
time 16.89 s
2 100 10 0.6 84.290000000000006 9
time 102.78 s
2 100 10 0.7 138.53 13
time 113.45 s
2 100 10 0.8 1487.9599999999996 59
time 198.72 s
2 100 20 0.6 57.190000000000012 9
time 92.29 s
2 100 20 0.7 91.130000000000024 11
time 79.56 s
2 100 20 0.8 158.53000000000003 13
time 156.55 s
4 50 10 0.6 74.11999999999999 11
time 22.94 s
4 50 10 0.7 186.72 24
time 17.17 s
4 50 10 0.8 545.50999999999999 32
time 13.36 s
4 50 20 0.6 83.050000000000011 9
time 11.72 s
4 50 20 0.7 120.53000000000004 16
time 13.74 s
4 50 20 0.8 248.51000000000005 28
time 11.52 s
4 100 10 0.6 68.920000000000002 13
time 75.43 s
4 100 10 0.7 83.370000000000005 11
time 180.24 s
4 100 10 0.8 905.62999999999977 55
time 367.12 s
4 100 20 0.6 93.090000000000003 10
time 25.92 s
4 100 20 0.7 119.63000000000001 13
time 98.95 s
4 100 20 0.8 222.84999999999999 25
time 120.20 s

D:\program_files\Anaconda3\python.exe E:/PycharmProjects/learnpy/obp/vns_seed.py
2 50 10 0.6 66.570000000000022 10
time 480.02 s
2 50 10 0.7 188.56000000000003 15
time 616.41 s
2 50 10 0.8 684.56999999999994 28
time 397.92 s
2 50 20 0.6 64.680000000000007 6
time 248.01 s
2 50 20 0.7 92.239999999999995 11
time 288.34 s
2 50 20 0.8 238.17000000000004 20
time 280.86 s
2 100 10 0.6 84.940000000000012 8
time 2061.61 s
2 100 10 0.7 136.0 14
time 3935.44 s
2 100 10 0.8 1637.6399999999996 55
time 3137.19 s
2 100 20 0.6 72.88000000000001 8
time 873.97 s
2 100 20 0.7 95.740000000000009 10
time 1255.65 s
2 100 20 0.8 167.57000000000002 19
time 2444.12 s
4 50 10 0.6 82.340000000000018 12
time 154.85 s
4 50 10 0.7 193.54000000000002 26
time 91.26 s
4 50 10 0.8 447.56999999999994 31
time 86.24 s
4 50 20 0.6 80.600000000000009 11
time 119.22 s
4 50 20 0.7 128.00999999999999 16
time 66.17 s
4 50 20 0.8 263.41000000000014 26
time 60.89 s

4 100 20 0.6 80.890000000000015 11
time 550.87 s
4 100 20 0.7 91.560000000000031 14
time 899.06 s
4 100 20 0.8 301.2000000000001 28
time 815.93 s